
strategic_region={
	id=29
	name="STRATEGICREGION_29"
	provinces={
		10291 10326 10329  47 80 81 84 88 93 95 98 128 132 156 166 191 201 212 246 250 253 280 304 327 331 333 348 424 437 439 443 472 519 578 580 591 611 633 634 681 688 692 711 743 763 791 847 855 856 865 866 880 930 959 989 995 1011 1029 1035 1040 1048 1106 1132 1155 1180 1189 1213 1221 1234 1251 1270 1281 1296 1304 1307 1312 1323 1353 1386 1409 1417 1422 1424 1445 1483 1522 1527 1554 1586 1599 1614 1617 1619 1620 1658 1697 1703 1737 1741 1748 1760 1766 1776 1793 1834 1856 1868 1880 1894 1905 1955 2001 2074 2086 2094 2113 2118 2141 2161 2173 2201 2220 2224 2244 2269 2281 2324 2331 2336 2340 2353 2363 2429 2437 2472 2484 2500 2522 2526 2549 2550 2551 2578 2580 2623 2664 2680 2687 2693 2711 2716 2732 2737 2742 2743 2745 2747 2753 2813 2863 2890 2897 2924 2933 2934 2937 2944 2963 2969 2977 2988 3073 3089 3091 3104 3106 3129 3144 3182 3220 3222 3229 3239 3244 3280 3304 3346 3429 3465 3466 3475 3485 3505 3519 3521 3529 3561 3572 3582 3587 3599 3687 3713 3748 3809 3812 3826 3835 3836 3846 3938 3946 3963 3972 3983 4016 4045 4100 4101 4111 4127 4149 4159 4204 4211 4233 4247 4250 4301 4328 4358 4380 4384 4435 4442 4457 4489 4500 4528 4564 4623 4637 4646 4704 4769 4770 4784 4799 4808 4813 4825 4837 4846 4885 4901 4930 4934 4936 4983 5032 5034 5035 5036 5087 5106 5123 5144 5165 5191 5203 5204 5217 5226 5234 5258 5261 5277 5352 5388 5401 5416 5427 5438 5463 5466 5477 5528 5549 5570 5578 5588 5633 5679 5685 5710 5711 5723 5807 5815 5819 5829 5839 5841 5847 5851 5861 5865 5911 5912 5936 5996 5997 6018 6069 6103 6112 6124 6128 6161 6184 6272 6332 6359 6379 6405 6421 6431 6439 6455 6492 6503 6556 6560 6606 6618 6702 6714 6720 6767 6787 6793 6819 6845 6850 6852 6877 6883 6896 6914 6940 6942 6956 6986 7043 7078 7092 7129 7131 7133 7144 7171 7192 7234 7252 7308 7312 7334 7370 7404 7415 7423 8217 8245 8257 8258 8259 8262 8303 8336 8343 8344 8346 8351 8370 8373 8380 8400 8409 8410 8420 8438 8450 8495 8496 8505 8527 8560 8563 8567 8576 8579 8580 8593 8594 8599 8606 8616 8618 8637 8640 8644 8647 8648 8656 8666 8669 8678 8679 8688 8711 8717 8724 8731 8732 8738 8747 8749 8756 8762 8763 8778 8780 8796 8798 8805 8809 8815 8823 8847 8885 9095 9096 9097 9102 9105 9109 9112 9119 9122 9126 9127 9128 9129 9154 9177 9221 9225 9229 9285 9334 9373 9422 9435 9440 9462 9468 9472 9476 9502 9524 9553 9580 9584 9587 9598 9610 9681 9697 9702 9724 9742 9761 9775 9786 9794 9807 9809 9810 9816 9829 9834 9852 9861 9870 9874 9886 9899 9906 9914 9941 10051 10053 10054 10056 10057 10062 10063 10066 10074 10090 10096 10098 10100 10101 10102 10109 10146 10151 10158 10261 10262 10296 10297 10299 10301 10306 10307 10308 10311 10312 10313 10317 10318 10319 10321 10322 10324 10325 10327 10328 10330 10331 10332 10334 10335 10336 10337 10338 10339 10340 10343 10344 10345 10346 10347 10349 10350 10352 10353 10354 10355 10357 10359 10362 10363 10364 10365 10366 10367 10368 10371 10373 10374 10377 10378 10379 10380 10381 10383 10385 10387 10388 10389 10390 10391 10393 10397 10398 10400 10401 10403 10405 10406 10407 10409 10410 10413 10416 10417 10419 10420 10421 10423 10426 10428 10429 10430 10431 10433 10434 10435 10436 10437 10438 10440 10441 10442 10444 10445 10448 10449 10450 10451 10452 10453 10454 10455 10456 10457 10458 10460 10461 10462 10463 10465 10467 10468 10469 10471 10473 10474 10476 10477 10478 
	}
	weather={
		period={ #JAN
			between={ 0.0 30.0 }
			temperature={ -40.0 -30.0 }
			temperature_day_night={ 5.0 -15.0 }
			no_phenomenon=0.400
			rain_light=0.050
			rain_heavy=0.000
			snow=0.600
			blizzard=0.200
			arctic_water=0.000
			mud=2.000
			sandstorm=0.000
			min_snow_level=0.000
		}
		period={ #FEB
			between={ 0.1 27.1 }
			temperature={ -30.0 -10.0 }
			temperature_day_night={ 5.0 -15.0 }
			no_phenomenon=0.400
			rain_light=0.050
			rain_heavy=0.000
			snow=0.550
			blizzard=0.200
			arctic_water=0.000
			mud=2.000
			sandstorm=0.000
			min_snow_level=0.000
		}
		period={ #MARCH
			between={ 0.2 30.2 }
			temperature={ -10.0 5.0 }
			temperature_day_night={ 10.0 -11.0 }
			no_phenomenon=0.400
			rain_light=0.100
			rain_heavy=0.000
			snow=0.400
			blizzard=0.100
			arctic_water=0.000
			mud=2.000
			sandstorm=0.000
			min_snow_level=0.000
		}
		period={ #APR
			between={ 0.3 29.3 }
			temperature={ 5.0 16.0 }
			temperature_day_night={ 5.0 -10.0 }
			no_phenomenon=0.450
			rain_light=0.200
			rain_heavy=0.050
			snow=0.300
			blizzard=0.000
			arctic_water=0.000
			mud=2.000
			sandstorm=0.000
			min_snow_level=0.000
		}
		period={ #MAY
			between={ 0.4 30.4 }
			temperature={ 12.0 20.0 }
			temperature_day_night={ 8.0 -8.0 }
			no_phenomenon=0.450
			rain_light=0.300
			rain_heavy=0.150
			snow=0.100
			blizzard=0.000
			arctic_water=0.000
			mud=2.000
			sandstorm=0.000
			min_snow_level=0.000
		}
		period={ #JUN
			between={ 0.5 29.5 }
			temperature={ 15.0 30.0 }
			temperature_day_night={ 8.0 -8.0 }
			no_phenomenon=0.450
			rain_light=0.350
			rain_heavy=0.100
			snow=0.000
			blizzard=0.000
			arctic_water=0.000
			mud=2.000
			sandstorm=0.000
			min_snow_level=0.000
		}
		period={ #JUL
			between={ 0.6 30.6 }
			temperature={ 20.0 30.0 }
			temperature_day_night={ 8.0 -8.0 }
			no_phenomenon=0.450
			rain_light=0.350
			rain_heavy=0.100
			snow=0.000
			blizzard=0.000
			arctic_water=0.000
			mud=2.000
			sandstorm=0.000
			min_snow_level=0.000
		}
		period={ #AUG
			between={ 0.7 30.7 }
			temperature={ 25.0 35.0 }
			temperature_day_night={ 8.0 -8.0 }
			no_phenomenon=0.750
			rain_light=0.350
			rain_heavy=0.100
			snow=0.000
			blizzard=0.000
			arctic_water=0.000
			mud=2.000
			sandstorm=0.000
			min_snow_level=0.000
		}
		period={ #SEPTE
			between={ 0.8 29.8 }
			temperature={ 30.0 35.0 }
			temperature_day_night={ 5.0 -5.0 }
			no_phenomenon=0.750
			rain_light=0.250
			rain_heavy=0.100
			snow=0.100
			blizzard=0.000
			arctic_water=0.000
			mud=2.000
			sandstorm=0.000
			min_snow_level=0.000
		}
		period={ ##OCTOBER
			between={ 0.9 30.9 }
			temperature={ 15.0 20.0 }
			temperature_day_night={ 5.0 -8.0 }
			no_phenomenon=0.800
			rain_light=0.200
			rain_heavy=0.100
			snow=0.300
			blizzard=0.000
			arctic_water=0.000
			mud=2.000
			sandstorm=0.000
			min_snow_level=0.000
		}
		period={ #NOV
			between={ 0.10 29.10 }
			temperature={ -10.0 5.0 }
			temperature_day_night={ 5.0 -10.0 }
			no_phenomenon=0.400
			rain_light=0.050
			rain_heavy=0.000
			snow=0.500
			blizzard=0.200
			arctic_water=0.000
			mud=2.000
			sandstorm=0.000
			min_snow_level=0.000
		}
		period={ #DEC
			between={ 0.11 30.11 }
			temperature={ -25.0 -20.0 }
			temperature_day_night={ 5.0 -10.0 }
			no_phenomenon=0.150
			rain_light=0.050
			rain_heavy=0.000
			snow=0.600
			blizzard=0.200
			arctic_water=0.000
			mud=2.000
			sandstorm=0.000
			min_snow_level=0.000
		}
		#period={
		#	between={ 4.11 21.11 }
		#	temperature={ -10.0 35.0 }
		#	temperature_day_night={ 2.0 -2.0 }
		##	no_phenomenon=1.500
		#	rain_light=0.250
		#	rain_heavy=0.100
		#	snow=0.000
		#	blizzard=0.000
		#	arctic_water=0.000
		##	mud=0.000
		##	sandstorm=0.000
		#	min_snow_level=0.000
		#}
	}
}
