
strategic_region={
	id=43
	name="STRATEGICREGION_43"
	provinces={
		1 4 17 18 37 51 53 87 90 116 124 160 180 188 190 197 209 215 242 247 251 256 258 262 264 269 286 287 294 297 298 303 306 312 323 324 330 334 355 370 377 387 413 423 431 442 449 468 475 483 490 492 495 499 502 517 526 545 574 593 601 613 623 645 655 656 658 662 669 678 685 757 770 772 778 785 789 790 792 797 802 803 840 846 857 858 881 889 904 912 913 921 931 948 969 985 1001 1002 1006 1022 1078 1084 1090 1105 1123 1126 1142 1149 1161 1173 1182 1185 1205 1206 1217 1247 1258 1268 1279 1286 1318 1326 1333 1348 1362 1383 1397 1401 1403 1405 1414 1439 1440 1474 1481 1495 1496 1499 1509 1515 1536 1549 1572 1595 1598 1601 1605 1611 1630 1631 1632 1639 1640 1643 1644 1649 1655 1675 1679 1688 1691 1715 1717 1747 1753 1755 1757 1759 1782 1802 1804 1814 1830 1831 1832 1837 1849 1858 1876 1877 1879 1904 1911 1915 1918 1937 1948 1953 1957 1963 1971 1972 1976 1994 1998 2010 2026 2031 2052 2054 2069 2075 2079 2085 2089 2114 2146 2160 2167 2194 2195 2203 2207 2214 2217 2236 2237 2240 2247 2249 2270 2282 2292 2300 2308 2312 2315 2326 2334 2338 2342 2344 2357 2361 2373 2382 2394 2422 2425 2426 2432 2473 2479 2481 2485 2492 2497 2502 2519 2533 2540 2567 2573 2581 2596 2609 2620 2622 2628 2629 2633 2636 2669 2670 2694 2697 2701 2703 2721 2739 2756 2760 2761 2764 2767 2769 2786 2790 2794 2799 2808 2830 2835 2837 2880 2883 2884 2911 2913 2925 2942 2947 2948 2989 2992 3020 3026 3034 3062 3084 3115 3126 3128 3140 3145 3148 3152 3166 3171 3177 3207 3218 3221 3225 3267 3271 3286 3290 3295 3299 3309 3316 3321 3331 3332 3340 3347 3362 3366 3369 3374 3385 3392 3397 3405 3409 3428 3433 3436 3438 3447 3449 3450 3460 3479 3488 3506 3511 3520 3522 3524 3535 3537 3538 3542 3562 3574 3579 3581 3586 3594 3596 3598 3601 3615 3617 3620 3623 3628 3636 3652 3662 3675 3676 3677 3716 3719 3727 3739 3743 3744 3750 3751 3760 3779 3803 3818 3825 3829 3862 3870 3877 3882 3891 3895 3899 3905 3910 3911 3922 3936 3947 3967 3968 3993 4006 4011 4013 4015 4031  4051 4056 4058 4060 4071 4083 4084 4087 4089 4110 4123 4140 4153 4170 4178 4187 4194 4195 4205 4207 4218 4228 4231 4232 4237 4240 4241 4242 4246 4249 4284 4292 4312 4322 4338 4365 4410 4416 4423 4440 4445 4448 4464 4467 4482 4496 4513 4516 4517 4526 4532 4538 4544 4565 4568 4581 4588 4601 4605 4607 4611 4614 4619 4620 4625 4635 4636 4638 4640 4650 4657 4666 4681 4684 4687 4688 4693 4710 4712 4715 4718 4735 4738 4746 4757 4763 4765 4778 4789 4803 4814 4817 4818 4819 4826 4855 4856 4872 4898 4902 4926 4928 4946 4951 4972 4973 4989 4994 5003 5010 5014 5015 5045 5047 5062 5069 5074 5078 5080 5081 5092 5093 5094 5101 5108 5131 5145 5158 5161 5183 5198 5199 5202 5221 5236 5239 5242 5243 5252 5256 5257 5263 5269 5297 5305 5308 5309 5319 5321 5328 5335 5343 5347 5363 5367 5368 5370 5373 5410 5426 5439 5442 5450 5453 5460 5488 5512 5516 5518 5534 5563 5572 5580 5584 5585 5600 5611 5612 5617 5622 5636 5644 5646 5647 5652 5656 5663 5666 5673 5684 5688 5691 5692 5702 5704 5708 5712 5734 5741 5745 5768 5787 5816 5828 5844 5845 5846 5849 5860 5882 5888 5895 5901 5916 5917 5957 5977 5989 6012 6014 6019 6034 6035 6044 6053 6063 6065 6083 6089 6099 6102 6107 6116 6121 6122 6126 6131 6132 6137 6145 6148 6150 6152 6160 6169 6186 6187 6206 6211 6219 6233 6234 6246 6262 6265 6266 6281 6285 6296 6322 6327 6329 6333 6346 6349 6371 6391 6398 6399 6417 6427 6443 6447 6461 6463 6470 6479 6490 6501 6505 6509 6512 6515 6537 6547 6551 6561 6592 6598 6610 6619 6620 6625 6627 6631 6634 6641 6653 6661 6673 6674 6681 6691 6696 6697 6700 6701 6705 6718 6722 6728 6734 6741 6747 6755 6762 6763 6768 6778 6813 6858 6860 6872 6880 6884 6895 6908 6913 6933 6935 6937 6948 6961 6967 6970 6980 6993 7007 7008 7015 7021 7028 7030 7064 7072 7073 7090 7103 7104 7118 7124 7130 7159 7163 7194 7198 7207 7209 7210 7217 7218 7219 7225 7249 7250 7263 7266 7284 7286 7289 7292 7311 7341 7348 7353 7358 7361 7365 7384 7388 7425 7439 8225 8226 8253 8286 8299 8311 8375 8378 8405 8411 8422 8426 8442 8447 8449 8451 8464 8466 8467 8472 8475 8478 8479 8484 8493 8497 8498 8499 8503 8504 8506 8513 8515 8516 8517 8518 8523 8525 8531 8534 8536 8538 8539 8542 8543 8562 8570 8574 8578 8585 8598 8600 8602 8604 8605 8609 8610 8614 8617 8621 8623 8626 8633 8634 8639 8642 8649 8650 8651 8653 4046 8654 8657 8658 8661 8664 8668 8677 8680 8686 8690 8692 8694 8700 8702 8708 8709 8714 8716 8720 8721 8722 8725 8729 8733 8737 8745 8752 8757 8761 8764 8765 8770 8774 8775 8779 8782 8789 8790 8792 8795 8797 8804 8806 8807 8810 8811 8813 8818 8820 8821 8822 8827 8829 8831 8832 8833 8835 8836 8837 8839 8842 8843 8855 8856 8863 8864 8866 8872 8874 8875 8876 8879 8886 8892 8901 8903 8906 8911 8919 8927 8929 8931 8933 8940 8941 8943 8950 8956 8957 8958 8959 8973 8976 8980 8982 8993 8995 8996 9006 9014 9017 9023 9026 9029 9030 9032 9050 9059 9074 9078 9079 9082 9098 9106 9116 9124 10267 10270 10271 10275 10278 10280 10283 10284 10285 10286 10287 10288 10310 10314 10356 10370 10372 10375 10384 10386 10392 10394 10399 10404 10408 10411 10412 10414 10415 10422 10424 10425 10427 10432 10439 10443 10446 10447 10459 10464 10466 10470 10472 10475 10480 10481 
	}
	weather={
		period={ #JAN
			between={ 0.0 30.0 }
			temperature={ -40.0 -30.0 }
			temperature_day_night={ 5.0 -15.0 }
			no_phenomenon=0.400
			rain_light=0.050
			rain_heavy=0.000
			snow=0.600
			blizzard=0.200
			arctic_water=1.000
			mud=2.000
			sandstorm=0.000
			min_snow_level=0.000
		}
		period={ #FEB
			between={ 0.1 27.1 }
			temperature={ -30.0 -10.0 }
			temperature_day_night={ 5.0 -15.0 }
			no_phenomenon=0.400
			rain_light=0.050
			rain_heavy=0.000
			snow=0.550
			blizzard=0.200
			arctic_water=1.000
			mud=2.000
			sandstorm=0.000
			min_snow_level=0.000
		}
		period={ #MARCH
			between={ 0.2 30.2 }
			temperature={ -10.0 5.0 }
			temperature_day_night={ 10.0 -11.0 }
			no_phenomenon=0.400
			rain_light=0.100
			rain_heavy=0.000
			snow=0.400
			blizzard=0.100
			arctic_water=0.000
			mud=2.000
			sandstorm=0.000
			min_snow_level=0.000
		}
		period={ #APR
			between={ 0.3 29.3 }
			temperature={ 5.0 16.0 }
			temperature_day_night={ 5.0 -10.0 }
			no_phenomenon=0.450
			rain_light=0.200
			rain_heavy=0.050
			snow=0.300
			blizzard=0.000
			arctic_water=0.000
			mud=2.000
			sandstorm=0.000
			min_snow_level=0.000
		}
		period={ #MAY
			between={ 0.4 30.4 }
			temperature={ 12.0 20.0 }
			temperature_day_night={ 8.0 -8.0 }
			no_phenomenon=0.450
			rain_light=0.300
			rain_heavy=0.150
			snow=0.100
			blizzard=0.000
			arctic_water=0.000
			mud=2.000
			sandstorm=0.000
			min_snow_level=0.000
		}
		period={ #JUN
			between={ 0.5 29.5 }
			temperature={ 15.0 30.0 }
			temperature_day_night={ 8.0 -8.0 }
			no_phenomenon=0.450
			rain_light=0.350
			rain_heavy=0.100
			snow=0.000
			blizzard=0.000
			arctic_water=0.000
			mud=2.000
			sandstorm=0.000
			min_snow_level=0.000
		}
		period={ #JUL
			between={ 0.6 30.6 }
			temperature={ 20.0 30.0 }
			temperature_day_night={ 8.0 -8.0 }
			no_phenomenon=0.450
			rain_light=0.350
			rain_heavy=0.100
			snow=0.000
			blizzard=0.000
			arctic_water=0.000
			mud=2.000
			sandstorm=0.000
			min_snow_level=0.000
		}
		period={ #AUG
			between={ 0.7 30.7 }
			temperature={ 25.0 35.0 }
			temperature_day_night={ 8.0 -8.0 }
			no_phenomenon=0.750
			rain_light=0.350
			rain_heavy=0.100
			snow=0.000
			blizzard=0.000
			arctic_water=0.000
			mud=2.000
			sandstorm=0.000
			min_snow_level=0.000
		}
		period={ #SEPTE
			between={ 0.8 29.8 }
			temperature={ 30.0 35.0 }
			temperature_day_night={ 5.0 -5.0 }
			no_phenomenon=0.750
			rain_light=0.250
			rain_heavy=0.100
			snow=0.100
			blizzard=0.000
			arctic_water=0.000
			mud=2.000
			sandstorm=0.000
			min_snow_level=0.000
		}
		period={ ##OCTOBER
			between={ 0.9 30.9 }
			temperature={ 15.0 20.0 }
			temperature_day_night={ 5.0 -8.0 }
			no_phenomenon=0.800
			rain_light=0.200
			rain_heavy=0.100
			snow=0.300
			blizzard=0.000
			arctic_water=0.000
			mud=2.000
			sandstorm=0.000
			min_snow_level=0.000
		}
		period={ #NOV
			between={ 0.10 29.10 }
			temperature={ -10.0 5.0 }
			temperature_day_night={ 5.0 -10.0 }
			no_phenomenon=0.400
			rain_light=0.050
			rain_heavy=0.000
			snow=0.500
			blizzard=0.200
			arctic_water=0.000
			mud=2.000
			sandstorm=0.000
			min_snow_level=0.000
		}
		period={ #DEC
			between={ 0.11 30.11 }
			temperature={ -25.0 -20.0 }
			temperature_day_night={ 5.0 -10.0 }
			no_phenomenon=0.150
			rain_light=0.050
			rain_heavy=0.000
			snow=0.600
			blizzard=0.200
			arctic_water=0.000
			mud=2.000
			sandstorm=0.000
			min_snow_level=0.000
		}
		#period={
		#	between={ 4.11 21.11 }
		#	temperature={ -10.0 35.0 }
		#	temperature_day_night={ 2.0 -2.0 }
		##	no_phenomenon=1.500
		#	rain_light=0.250
		#	rain_heavy=0.100
		#	snow=0.000
		#	blizzard=0.000
		#	arctic_water=0.000
		##	mud=0.000
		##	sandstorm=0.000
		#	min_snow_level=0.000
		#}
	}
}
