
strategic_region={
	id=44
	name="STRATEGICREGION_44"
	provinces={
		8 26 42 64 91 97 103 109 121 133 141 148 162 164 177 179 182 184 187 199 202 227 237 245 252 272 273 279 292 305 319 322 339 351 372 381 389 397 398 426 448 481 485 491 493 497 504 512 523 546 548 556 568 569 589 617 620 624 627 640 646 652 653 661 666 675 719 728 729 730 740 759 776 809 810 813 819 850 862 872 873 877 887 923 972 982 983 992 994 1003 1043 1047 1055 1068 1069 1072 1074 1100 1114 1133 1136 1139 1156 1157 1160 1163 1179 1202 1232 1252 1257 1262 1334 1355 1356 1360 1363 1372 1381 1387 1418 1450 1451 1476 1523 1533 1535 1546 1555 1559 1567 1570 1574 1603 1629 1671 1677 1680 1684 1699 1723 1727 1736 1739 1790 1798 1807 1813 1824 1829 1841 1854 1859 1862 1865 1875 1886 1887 1920 1934 1944 1949 1952 1954 1997 2000 2003 2009 2016 2023 2035 2064 2078 2111 2123 2130 2139 2140 2149 2157 2163 2165 2175 2191 2202 2238 2264 2268 2276 2289 2303 2316 2321 2346 2347 2348 2365 2378 2408 2440 2445 2450 2453 2454 2459 2462 2482 2499 2507 2517 2527 2531 2539 2559 2574 2591 2594 2602 2607 2640 2642 2663 2682 2698 2712 2713 2744 2749 2751 2762 2779 2807 2816 2847 2848 2860 2874 2879 2907 2908 2927 2939 2941 2951 2952 2978 2981 2999 3000 3005 3029 3036 3039 3040 3059 3064 3079 3086 3102 3113 3123 3134 3137 3165 3178 3189 3190 3197 3214 3216 3240 3269 3279 3292 3300 3308 3310 3317 3352 3356 3380 3391 3408 3423 3426 3499 3500 3507 3525 3534 3536 3539 3550 3552 3603 3619 3621 3638 3640 3646 3647 3657 3683 3741 3747 3752 3756 3758 3759 3764 3774 3798 3801 3830 3845 3847 3853 3858 3874 3876 3884 3909 3943 3953 3964 3980 3986 4003 4030 4040 4042 4047 4054 4064 4069 4072 4082 4091 4107 4118 4120 4122 4130 4133 4147 4154 4155 4164 4173 4179 4193 4203 4210 4220 4244 4273 4283 4286 4305 4306 4335 4336 4347 4367 4382 4392 4413 4439 4449 4460 4469 4470 4504 4514 4559 4569 4580 4582 4585 4594 4595 4617 4618 4622 4639 4649 4653 4679 4683 4705 4716 4739 4771 4775 4779 4791 4792 4838 4845 4853 4867 4868 4878 4891 4897 4900 4911 4923 4959 4999 5006 5020 5021 5040 5041 5050 5059 5067 5070 5097 5107 5122 5125 5135 5160 5193 5223 5225 5279 5280 5289 5331 5336 5350 5400 5405 5414 5417 5440 5494 5498 5522 5539 5568 5586 5608 5610 5628 5631 5632 5668 5701 5716 5750 5779 5780 5802 5808 5811 5840 5859 5872 5880 5886 5897 5900 5918 5922 5928 5930 5938 5939 5945 5946 5953 5958 6006 6017 6028 6050 6058 6060 6070 6076 6081 6082 6088 6113 6119 6125 6130 6134 6163 6189 6193 6197 6216 6245 6259 6268 6273 6297 6302 6335 6338 6344 6366 6369 6394 6438 6456 6488 6489 6504 6510 6574 6575 6587 6589 6636 6671 6694 6715 6735 6745 6746 6751 6760 6777 6782 6798 6799 6811 6821 6854 6859 6864 6876 6881 6882 6893 6894 6904 6920 6927 6944 6951 6957 6959 6963 6965 6975 7003 7024 7039 7051 7087 7088 7093 7110 7122 7149 7162 7193 7201 7233 7272 7316 7318 7322 7326 7332 7336 7357 7373 7375 7377 7402 7430 7435 7474 7475 7476 7481 7485 7487 7488 7494 7499 7520 7523 7531 7532 7538 7544 7547 7559 7571 7572 7574 7578 7585 7586 7596 7607 7609 7612 7620 7621 7630 7632 7634 7646 7652 7654 7656 7659 7662 7666 7672 7689 7692 7693 7697 7705 7710 7711 7712 7742 7748 7754 7758 7762 7776 7787 7792 7794 7796 7812 7819 7825 7832 7837 7852 7853 7856 7866 7869 7875 7883 7884 7887 7891 7903 7911 7912 7920 7936 7938 7940 7957 7964 7965 7968 7972 7979 7985 7986 7993 7994 8002 8009 8017 8022 8028 8038 8041 8056 8067 8078 8090 8110 8114 8136 8152 8169 8180 8183 8187 8188 8203 8218 8238 8252 8264 8268 8274 8281 8292 8295 8310 8314 8321 8328 8329 8331 8352 8387 
	}
	weather={
		period={ #JAN
			between={ 0.0 30.0 }
			temperature={ -40.0 -30.0 }
			temperature_day_night={ 5.0 -15.0 }
			no_phenomenon=0.400
			rain_light=0.050
			rain_heavy=0.000
			snow=0.600
			blizzard=0.200
			arctic_water=1.000
			mud=2.000
			sandstorm=0.000
			min_snow_level=0.000
		}
		period={ #FEB
			between={ 0.1 27.1 }
			temperature={ -30.0 -10.0 }
			temperature_day_night={ 5.0 -15.0 }
			no_phenomenon=0.400
			rain_light=0.050
			rain_heavy=0.000
			snow=0.550
			blizzard=0.200
			arctic_water=1.000
			mud=2.000
			sandstorm=0.000
			min_snow_level=0.000
		}
		period={ #MARCH
			between={ 0.2 30.2 }
			temperature={ -10.0 5.0 }
			temperature_day_night={ 10.0 -11.0 }
			no_phenomenon=0.400
			rain_light=0.100
			rain_heavy=0.000
			snow=0.400
			blizzard=0.100
			arctic_water=0.000
			mud=2.000
			sandstorm=0.000
			min_snow_level=0.000
		}
		period={ #APR
			between={ 0.3 29.3 }
			temperature={ 5.0 16.0 }
			temperature_day_night={ 5.0 -10.0 }
			no_phenomenon=0.450
			rain_light=0.200
			rain_heavy=0.050
			snow=0.300
			blizzard=0.000
			arctic_water=0.000
			mud=2.000
			sandstorm=0.000
			min_snow_level=0.000
		}
		period={ #MAY
			between={ 0.4 30.4 }
			temperature={ 12.0 20.0 }
			temperature_day_night={ 8.0 -8.0 }
			no_phenomenon=0.450
			rain_light=0.300
			rain_heavy=0.150
			snow=0.100
			blizzard=0.000
			arctic_water=0.000
			mud=2.000
			sandstorm=0.000
			min_snow_level=0.000
		}
		period={ #JUN
			between={ 0.5 29.5 }
			temperature={ 15.0 30.0 }
			temperature_day_night={ 8.0 -8.0 }
			no_phenomenon=0.450
			rain_light=0.350
			rain_heavy=0.100
			snow=0.000
			blizzard=0.000
			arctic_water=0.000
			mud=2.000
			sandstorm=0.000
			min_snow_level=0.000
		}
		period={ #JUL
			between={ 0.6 30.6 }
			temperature={ 20.0 30.0 }
			temperature_day_night={ 8.0 -8.0 }
			no_phenomenon=0.450
			rain_light=0.350
			rain_heavy=0.100
			snow=0.000
			blizzard=0.000
			arctic_water=0.000
			mud=2.000
			sandstorm=0.000
			min_snow_level=0.000
		}
		period={ #AUG
			between={ 0.7 30.7 }
			temperature={ 25.0 35.0 }
			temperature_day_night={ 8.0 -8.0 }
			no_phenomenon=0.750
			rain_light=0.350
			rain_heavy=0.100
			snow=0.000
			blizzard=0.000
			arctic_water=0.000
			mud=2.000
			sandstorm=0.000
			min_snow_level=0.000
		}
		period={ #SEPTE
			between={ 0.8 29.8 }
			temperature={ 30.0 35.0 }
			temperature_day_night={ 5.0 -5.0 }
			no_phenomenon=0.750
			rain_light=0.250
			rain_heavy=0.100
			snow=0.100
			blizzard=0.000
			arctic_water=0.000
			mud=2.000
			sandstorm=0.000
			min_snow_level=0.000
		}
		period={ ##OCTOBER
			between={ 0.9 30.9 }
			temperature={ 15.0 20.0 }
			temperature_day_night={ 5.0 -8.0 }
			no_phenomenon=0.800
			rain_light=0.200
			rain_heavy=0.100
			snow=0.300
			blizzard=0.000
			arctic_water=0.000
			mud=2.000
			sandstorm=0.000
			min_snow_level=0.000
		}
		period={ #NOV
			between={ 0.10 29.10 }
			temperature={ -10.0 5.0 }
			temperature_day_night={ 5.0 -10.0 }
			no_phenomenon=0.400
			rain_light=0.050
			rain_heavy=0.000
			snow=0.500
			blizzard=0.200
			arctic_water=0.000
			mud=2.000
			sandstorm=0.000
			min_snow_level=0.000
		}
		period={ #DEC
			between={ 0.11 30.11 }
			temperature={ -25.0 -20.0 }
			temperature_day_night={ 5.0 -10.0 }
			no_phenomenon=0.150
			rain_light=0.050
			rain_heavy=0.000
			snow=0.600
			blizzard=0.200
			arctic_water=0.000
			mud=2.000
			sandstorm=0.000
			min_snow_level=0.000
		}
		#period={
		#	between={ 4.11 21.11 }
		#	temperature={ -10.0 35.0 }
		#	temperature_day_night={ 2.0 -2.0 }
		##	no_phenomenon=1.500
		#	rain_light=0.250
		#	rain_heavy=0.100
		#	snow=0.000
		#	blizzard=0.000
		#	arctic_water=0.000
		##	mud=0.000
		##	sandstorm=0.000
		#	min_snow_level=0.000
		#}
	}
}
