
strategic_region={
	id=45
	name="STRATEGICREGION_45"
	provinces={
		9 34 83 100 105  107 123 147 171 172 186 214 226 233 240 241 267 310 313 314 392 405 414 416 419 432 459 509 534 538 544 550 554 558 559 576 579 587 598 606 615 639 682 683 704 737 739 829 849 859 918 928 937 955 961 963 964 980 987 993 1004 1015 1039 1042 1059 1061 1086 1113 1122 1128 1134 1140 1141 1193 1195 1198 1200 1207 1214 1299 1324 1350 1394 1421 1429 1469 1492 1526 1561 1604 1623 1638 1651 1653 1662 1665 1694 1709 1711 1713 1721 1722 1725 1734 1773 1792 1799 1812 1860 1861 1863 1883 1889 1898 1909 1917 1919 1922 1936 1939 1978 1983 1993 2018 2021 2030 2047 2055 2065 2082 2116 2117 2143 2145 2148 2154 2155 2228 2233 2241 2263 2275 2328 2332 2351 2354 2366 2367 2391 2396 2402 2404 2409 2410 2420 2443 2446 2463 2493 2501 2515 2556 2562 2568 2572 2584 2589 2647 2654 2658 2692 2702 2706 2707 2710 2718 2738 2748 2784 2788 2804 2820 2850 2872 2877 2901 2902 2905 2950 2974 3019 3024 3032 3037 3067 3068 3080 3114 3117 3153 3173 3198 3203 3204 3209 3211 3256 3260 3273 3275 3282 3283 3291 3313 3338 3348 3363 3370 3375 3383 3384 3393 3394 3404 3414 3425 3432 3451 3458 3461 3484 3504 3546 3556 3560 3600 3605 3609 3632 3658 3674 3688 3689 3696 3706 3722 3761 3765 3781 3783 3785 3802 3805 3842 3860 3863 3866 3902 3904 3917 3918 3920 3932 3944 3945 3965 3990 4000 4020 4029  4048 4049 4053 4075 4098 4115 4160 4161 4182 4191 4196 4197 4206 4215 4229 4236 4248 4252 4293 4304 4327 4354 4371 4388 4394 4396 4397 4432 4450 4474 4488 4515 4524 4539 4543 4547 4552 4557 4567 4571 4577 4592 4610 4624 4628 4643 4652 4668 4673 4677 4701 4722 4734 4742 4782 4798 4807 4840 4843 4850 4883 4890 4916 4955 4969 4980 4990 5007 5026 5027 5039 5065 5066 5083 5096 5098 5102 5103 5150 5168 5172 5176 5177 5184 5208 5211 5212 5227 5245 5254 5271 5292 5298 5312 5330 5333 5377 5378 5381 5387 5396 5411 5412 5431 5445 5464 5471 5521 5548 5605 5609 5626 5639 5661 5677 5681 5686 5687 5731 5736 5737 5752 5754 5757 5777 5778 5788 5799 5820  5852 5869 5899 5905 5927 5949 5950 5962 5963 5968 5970 5978 5988 5999 6009 6016 6040 6052 6075 6078 6096 6108 6123 6153 6188 6195 6207  6217 6224 6225 6228 6229 6231 6235 6248 6249 6250 6252 6293 6304 6305 6307 6326 6334 6370 6396 6430 6445 6457 6466 6473 6496 6536 6546 6586 6604 6608 6623 6660 6676 6723 6726 6733 6743 6756 6766 6772 6806 6807 6816 6817 6839 6851 6857 6866 6890 6906 6934 6949 6960 6972 6983 6984 6985 6994 7019 7026 7057 7060 7085 7099 7108 7119 7147 7185 7191 7196 7214 7235 7238 7241 7253 7258 7271 7273 7279 7294 7306 7309 7325 7328 7329 7333 7344 7350 7405 7410 7420 7477 7478 7482 7491 7505 7550 7553 7575 7584 7593 7601 7635 7638 7657 7663 7664 7684 7698 7700 7706 7721 7739 7769 7786 7808 7811 7820 7821 7831 7842 7850 7851 7854 7859 7862 7863 7870 7878 7892 7895 7896 7910 7917 7923 7924 7934 7935 7942 7948 7953 7959 7973 7988 7997 7998 8029 8035 8039 8043 8045 8051 8059 8070 8072 8075 8077 8082 8086 8092 8095 8096 8100 8105 8107 8113 8119 8128 8130 8132 8139 8154 8160 8165 8175 8194 8207 8215 8229 8240 8248 8270 8288 8300 8313 8330 8332 8366 8389 8397 8398 8421 8435 8441 8460  10272 10274 10276 
	}
	weather={
		period={ #JAN
			between={ 0.0 30.0 }
			temperature={ -40.0 -30.0 }
			temperature_day_night={ 5.0 -15.0 }
			no_phenomenon=0.400
			rain_light=0.050
			rain_heavy=0.000
			snow=0.600
			blizzard=0.200
			arctic_water=1.000
			mud=2.000
			sandstorm=0.000
			min_snow_level=0.000
		}
		period={ #FEB
			between={ 0.1 27.1 }
			temperature={ -30.0 -10.0 }
			temperature_day_night={ 5.0 -15.0 }
			no_phenomenon=0.400
			rain_light=0.050
			rain_heavy=0.000
			snow=0.550
			blizzard=0.200
			arctic_water=1.000
			mud=2.000
			sandstorm=0.000
			min_snow_level=0.000
		}
		period={ #MARCH
			between={ 0.2 30.2 }
			temperature={ -10.0 5.0 }
			temperature_day_night={ 10.0 -11.0 }
			no_phenomenon=0.400
			rain_light=0.100
			rain_heavy=0.000
			snow=0.400
			blizzard=0.100
			arctic_water=0.000
			mud=2.000
			sandstorm=0.000
			min_snow_level=0.000
		}
		period={ #APR
			between={ 0.3 29.3 }
			temperature={ 5.0 16.0 }
			temperature_day_night={ 5.0 -10.0 }
			no_phenomenon=0.450
			rain_light=0.200
			rain_heavy=0.050
			snow=0.300
			blizzard=0.000
			arctic_water=0.000
			mud=2.000
			sandstorm=0.000
			min_snow_level=0.000
		}
		period={ #MAY
			between={ 0.4 30.4 }
			temperature={ 12.0 20.0 }
			temperature_day_night={ 8.0 -8.0 }
			no_phenomenon=0.450
			rain_light=0.300
			rain_heavy=0.150
			snow=0.100
			blizzard=0.000
			arctic_water=0.000
			mud=2.000
			sandstorm=0.000
			min_snow_level=0.000
		}
		period={ #JUN
			between={ 0.5 29.5 }
			temperature={ 15.0 30.0 }
			temperature_day_night={ 8.0 -8.0 }
			no_phenomenon=0.450
			rain_light=0.350
			rain_heavy=0.100
			snow=0.000
			blizzard=0.000
			arctic_water=0.000
			mud=2.000
			sandstorm=0.000
			min_snow_level=0.000
		}
		period={ #JUL
			between={ 0.6 30.6 }
			temperature={ 20.0 30.0 }
			temperature_day_night={ 8.0 -8.0 }
			no_phenomenon=0.450
			rain_light=0.350
			rain_heavy=0.100
			snow=0.000
			blizzard=0.000
			arctic_water=0.000
			mud=2.000
			sandstorm=0.000
			min_snow_level=0.000
		}
		period={ #AUG
			between={ 0.7 30.7 }
			temperature={ 25.0 35.0 }
			temperature_day_night={ 8.0 -8.0 }
			no_phenomenon=0.750
			rain_light=0.350
			rain_heavy=0.100
			snow=0.000
			blizzard=0.000
			arctic_water=0.000
			mud=2.000
			sandstorm=0.000
			min_snow_level=0.000
		}
		period={ #SEPTE
			between={ 0.8 29.8 }
			temperature={ 30.0 35.0 }
			temperature_day_night={ 5.0 -5.0 }
			no_phenomenon=0.750
			rain_light=0.250
			rain_heavy=0.100
			snow=0.100
			blizzard=0.000
			arctic_water=0.000
			mud=2.000
			sandstorm=0.000
			min_snow_level=0.000
		}
		period={ ##OCTOBER
			between={ 0.9 30.9 }
			temperature={ 15.0 20.0 }
			temperature_day_night={ 5.0 -8.0 }
			no_phenomenon=0.800
			rain_light=0.200
			rain_heavy=0.100
			snow=0.300
			blizzard=0.000
			arctic_water=0.000
			mud=2.000
			sandstorm=0.000
			min_snow_level=0.000
		}
		period={ #NOV
			between={ 0.10 29.10 }
			temperature={ -10.0 5.0 }
			temperature_day_night={ 5.0 -10.0 }
			no_phenomenon=0.400
			rain_light=0.050
			rain_heavy=0.000
			snow=0.500
			blizzard=0.200
			arctic_water=0.000
			mud=2.000
			sandstorm=0.000
			min_snow_level=0.000
		}
		period={ #DEC
			between={ 0.11 30.11 }
			temperature={ -25.0 -20.0 }
			temperature_day_night={ 5.0 -10.0 }
			no_phenomenon=0.150
			rain_light=0.050
			rain_heavy=0.000
			snow=0.600
			blizzard=0.200
			arctic_water=0.000
			mud=2.000
			sandstorm=0.000
			min_snow_level=0.000
		}
		#period={
		#	between={ 4.11 21.11 }
		#	temperature={ -10.0 35.0 }
		#	temperature_day_night={ 2.0 -2.0 }
		##	no_phenomenon=1.500
		#	rain_light=0.250
		#	rain_heavy=0.100
		#	snow=0.000
		#	blizzard=0.000
		#	arctic_water=0.000
		##	mud=0.000
		##	sandstorm=0.000
		#	min_snow_level=0.000
		#}
	}
}
