
strategic_region={
	id=7
	name="STRATEGICREGION_7"
	provinces={
		30 43 49 56 63 66 69 70 72 73 108 110 114 126 138 159 161 170 175 189 205 211 218 228 229 239 248 255 265 271 277 284 291 296 320 335 338 340 342 350 352 357 358 359 362 368 404 412 418 436 440 447 450 461 469 477 484 494 498 507 513 515 520 524 537 555 563 567 573 586 594 596 612 635 636 650 659 663 672 676 677 691 697 703 718 721 735 742 768 800 806 818 825 827 848 852 860 870 874 878 883 901 911 919 936 949 967 970 976 979 997 1007 1009 1028 1031 1032 1044 1053 1082 1117 1125 1131 1146 1148 1150 1171 1176 1184 1210 1211 1225 1230 1240 1249 1254 1259 1276 1280 1285 1295 1297 1316 1328 1338 1339 1344 1345 1370 1391 1395 1404 1463 1468 1473 1475 1477 1480 1482 1504 1514 1518 1524 1538 1541 1553 1556 1565 1566 1584 1592 1597 1607 1610 1618 1635 1645 1647 1648 1657 1673 1674 1702 1704 1712 1724 1743 1756 1767 1769 1785 1794 1810 1850 1851 1855 1881 1888 1891 1899 1907 1924 1938 1962 1965 1967 1974 1988 1995 2004 2013 2022 2040 2042 2076 2080 2084 2087 2092 2095 2102 2104 2119 2133 2136 2150 2158 2162 2164 2176 2180 2186 2199 2221 2223 2245 2266 2267 2274 2280 2284 2285 2293 2317 2319 2325 2327 2337 2341 2345 2349 2360 2375 2376 2395 2401 2407 2414 2416 2431 2438 2441 2448 2452 2461 2468 2471 2474 2495 2505 2518 2525 2528 2536 2554 2566 2576 2577 2590 2595 2599 2600 2605 2613 2614 2618 2630 2638 2653 2655 2662 2709 2723 2729 2735 2746 2771 2773 2789 2801 2806 2811 2812 2824 2827 2828 2849 2886 2891 2896 2900 2909 2929 2936 2943 2966 2979 2984 2986 2991 2995 3022 3025 3048 3052 3055 3056 3066 3070 3078 3093 3095 3097 3099 3107 3109 3110 3125 3160 3163 3167 3185 3193 3194 3202 3213 3223 3245 3252 3257 3258 3274 3289 3293 3294 3307 3314 3323 3336 3344 3345 3350 3367 3382 3406 3416 3421 3446 3454 3463 3469 3470 3474 3476 3486 3491 3496 3498 3503 3510 3512 3518 3528 3557 3559 3564 3567 3569 3590 3622 3631 3684 3698 3699 3707 3710 3746 3768 3773 3782 3792 3799 3806 3828 3833 3843 3878 3916 3929 3942 3956 3961 3987 3996 4022 4025 4052 4057 4061 4065 4076 4080 4085 4088 4092 4094 4099 4102 4119 4129 4134 4136 4167 4177 4186 4199 4209 4216 4230 4254 4261 4262 4265 4274 4280 4303 4307 4332 4337 4340 4350 4353 4356 4362 4378 4385 4387 4389 4412 4441 4444 4446 4453 4468 4481 4484 4498 4499 4509 4527 4536 4542 4549 4556 4561 4570 4593 4603 4608 4612 4647 4658 4661 4689 4696 4714 4728 4747 4760 4772 4773 4780 4783 4810 4820 4821 4849 4851 4852 4858 4863 4871 4879 4882 4896 4905 4906 4919 4920 4924 4953 4960 4971 4987 4992 5002 5012 5018 5024 5044 5048 5054 5056 5063 5064 5072 5073 5088 5099 5111 5115 5126 5170 5186 5197 5200 5209 5237 5255 5267 5286 5288 5300 5329 5337 5342 5356 5359 5361 5394 5395 5397 5409 5421 5425 5447 5458 5475 5482 5517 5529 5535 5537 5547 5555 5561 5573 5576 5583 5589 5596 5597 5601 5602 5604 5616 5618 5619 5625 5641 5648 5651 5675 5690 5700 5705 5709 5713 5714 5715 5718 5724 5729 5748 5771 5772 5773 5782 5785 5793 5812 5825 5850 5866 5868 5871 5879 5887 5925 5932 5935 5941 5942 5947 5972 5973 5991 5998 6002 6011 6015 6045 6046 6048 6059 6064 6068 6093 6120 6138 6142 6143 6165 6168 6170 6174 6196 6198 6199 6201 6215 6226 6230 6240 6269 6278 6283 6303 6309 6311 6313 6325 6343 6347 6358 6365 6372 6375 6389 6400 6406 6423 6436 6442 6519 6526 6532 6542 6543 6555 6580 6602 6611 6614 6615 6617 6622 6655 6663 6688 6693 6706 6709 6727 6738 6742 6764 6809 6820 6822 6823 6838 6843 6844 6865 6868 6875 6901 6916 6923 6924 6929 6932 6936 6938 6939 6941 6950 6952 6978 6981 6982 6991 7000 7027 7032 7035 7038 7041 7042 7052 7053 7056 7076 7089 7096 7101 7106 7123 7141 7160 7164 7178 7181 7183 7190 7203 7222 7232 7239 7242 7246 7259 7260 7261 7264 7320 7323 7346 7363 7368 7383 7394 7407 7414 7416 7419 7421 7422 7432 7800 7833 7846 7864 7867 7871 7873 7893 7899 7918 7921 7926 7928 7943 7944 7946 7962 7981 7983 7991 8006 8007 8010 8012 8014 8019 8025 8026 8044 8047 8049 8061 8074 8079 8089 8098 8120 8121 8123 8126 8129 8131 8145 8147 8181 8189 8191 8204 8208 8210 8216 8227 8235 8243 8244 8263 8265 8266 8272 8293 8302 8309 8315 8316 8335 8337 8338 8369 8371 8383 8392 8393 8394 8399 8406 8416 8423 8424 8427 8430 8440 8444 8453 8455 8457 8480 8481 8482 8486 8489 8490 8508 8522 8532 8535 8537 8540 8544 8550 8552 8554 8555 8558 8564 8568 8569 8572 8575 8577 8583 8587 8595 8601 8603 8615 8624 8627 8636 8641 8643 8646 8655 8662 8671 8675 8676 8682 8683 8684 8695 8698 8703 8704 8707 8726 8728 8735 8759 8767 8786 8788 8812 8816 8817 8840 8849 8857 8883 8900 9132 
	}
	weather={
		period={ #JAN
			between={ 0.0 30.0 }
			temperature={ -40.0 -30.0 }
			temperature_day_night={ 5.0 -15.0 }
			no_phenomenon=0.400
			rain_light=0.050
			rain_heavy=0.000
			snow=0.600
			blizzard=0.200
			arctic_water=0.000
			mud=2.000
			sandstorm=0.000
			min_snow_level=0.000
		}
		period={ #FEB
			between={ 0.1 27.1 }
			temperature={ -30.0 -10.0 }
			temperature_day_night={ 5.0 -15.0 }
			no_phenomenon=0.400
			rain_light=0.050
			rain_heavy=0.000
			snow=0.550
			blizzard=0.200
			arctic_water=0.000
			mud=2.000
			sandstorm=0.000
			min_snow_level=0.000
		}
		period={ #MARCH
			between={ 0.2 30.2 }
			temperature={ -10.0 5.0 }
			temperature_day_night={ 10.0 -11.0 }
			no_phenomenon=0.400
			rain_light=0.100
			rain_heavy=0.000
			snow=0.400
			blizzard=0.100
			arctic_water=0.000
			mud=2.000
			sandstorm=0.000
			min_snow_level=0.000
		}
		period={ #APR
			between={ 0.3 29.3 }
			temperature={ 5.0 16.0 }
			temperature_day_night={ 5.0 -10.0 }
			no_phenomenon=0.450
			rain_light=0.200
			rain_heavy=0.050
			snow=0.300
			blizzard=0.000
			arctic_water=0.000
			mud=2.000
			sandstorm=0.000
			min_snow_level=0.000
		}
		period={ #MAY
			between={ 0.4 30.4 }
			temperature={ 12.0 20.0 }
			temperature_day_night={ 8.0 -8.0 }
			no_phenomenon=0.450
			rain_light=0.300
			rain_heavy=0.150
			snow=0.100
			blizzard=0.000
			arctic_water=0.000
			mud=2.000
			sandstorm=0.000
			min_snow_level=0.000
		}
		period={ #JUN
			between={ 0.5 29.5 }
			temperature={ 15.0 30.0 }
			temperature_day_night={ 8.0 -8.0 }
			no_phenomenon=0.450
			rain_light=0.350
			rain_heavy=0.100
			snow=0.000
			blizzard=0.000
			arctic_water=0.000
			mud=2.000
			sandstorm=0.000
			min_snow_level=0.000
		}
		period={ #JUL
			between={ 0.6 30.6 }
			temperature={ 20.0 30.0 }
			temperature_day_night={ 8.0 -8.0 }
			no_phenomenon=0.450
			rain_light=0.350
			rain_heavy=0.100
			snow=0.000
			blizzard=0.000
			arctic_water=0.000
			mud=2.000
			sandstorm=0.000
			min_snow_level=0.000
		}
		period={ #AUG
			between={ 0.7 30.7 }
			temperature={ 25.0 35.0 }
			temperature_day_night={ 8.0 -8.0 }
			no_phenomenon=0.750
			rain_light=0.350
			rain_heavy=0.100
			snow=0.000
			blizzard=0.000
			arctic_water=0.000
			mud=2.000
			sandstorm=0.000
			min_snow_level=0.000
		}
		period={ #SEPTE
			between={ 0.8 29.8 }
			temperature={ 30.0 35.0 }
			temperature_day_night={ 5.0 -5.0 }
			no_phenomenon=0.750
			rain_light=0.250
			rain_heavy=0.100
			snow=0.100
			blizzard=0.000
			arctic_water=0.000
			mud=2.000
			sandstorm=0.000
			min_snow_level=0.000
		}
		period={ ##OCTOBER
			between={ 0.9 30.9 }
			temperature={ 15.0 20.0 }
			temperature_day_night={ 5.0 -8.0 }
			no_phenomenon=0.800
			rain_light=0.200
			rain_heavy=0.100
			snow=0.300
			blizzard=0.000
			arctic_water=0.000
			mud=2.000
			sandstorm=0.000
			min_snow_level=0.000
		}
		period={ #NOV
			between={ 0.10 29.10 }
			temperature={ -10.0 5.0 }
			temperature_day_night={ 5.0 -10.0 }
			no_phenomenon=0.400
			rain_light=0.050
			rain_heavy=0.000
			snow=0.500
			blizzard=0.200
			arctic_water=0.000
			mud=2.000
			sandstorm=0.000
			min_snow_level=0.000
		}
		period={ #DEC
			between={ 0.11 30.11 }
			temperature={ -25.0 -20.0 }
			temperature_day_night={ 5.0 -10.0 }
			no_phenomenon=0.150
			rain_light=0.050
			rain_heavy=0.000
			snow=0.600
			blizzard=0.200
			arctic_water=0.000
			mud=2.000
			sandstorm=0.000
			min_snow_level=0.000
		}
		#period={
		#	between={ 4.11 21.11 }
		#	temperature={ -10.0 35.0 }
		#	temperature_day_night={ 2.0 -2.0 }
		##	no_phenomenon=1.500
		#	rain_light=0.250
		#	rain_heavy=0.100
		#	snow=0.000
		#	blizzard=0.000
		#	arctic_water=0.000
		##	mud=0.000
		##	sandstorm=0.000
		#	min_snow_level=0.000
		#}
	}
}
