1 244 
1 783 
1 1085 
1 1091 
1 1144 
1 1240 
1 1473 
1 1881 
2 1929 
1 1933 
1 1966 
1 2131 
1 2193 
1 2371 
1 2374 
1 2414 
1 2521 
1 2695 
1 2754 
1 2896 
1 3088 
1 3155 
1 3230 
1 3258 
1 3284 
1 3367 
1 3684 
4 3811 
1 3915 
1 3975 
1 4263 
1 4282 
1 4737 
1 5197 
1 5323 
1 5376 
1 5386 
1 5391 
1 5592 
1 5604 
1 5648 
1 5718 
1 5759 
1 5770 
1 5803 
1 5867 
1 5901 
1 5991 
1 6064 
1 6194 
1 6316 
1 6484 
1 6526 
1 6679 
1 6707 
1 6787 
1 7055 
1 7121 
1 7190 
1 7220 
1 7259 
1 7374 
1 7412 
1 7431 
1 7460 
1 7788 
1 7822 
1 8142 
1 8224 
1 8262 
1 8285 
1 8445 
1 8512 
1 8556 
1 8708 
1 8860 
