state={
	id=45
	name="STATE_45"
	provinces={
		1 12 43 55 88 101 103 153 206 207 219 255 265 289 297 357 401 415 419 465 487 565 577 587 598 613 631 653 720 736 756 803 837 841 878 914 929 937 980 1006 1019 1024 1056 1117 1134 1150 1173 1183 1202 1218 1223 1251 1286 1318 1334 1369 1390 1409 1430 1445 1477 1491 1520 1539 1540 1580 1690 1698 1704 1733 1745 1747 1776 1786 1840 1856 1930 1990 2017 2019 2028 2063 2071 2086 2117 2138 2139 2141 2150 2157 2159 2161 2162 2163 2175 2177 2182 2183 
	}
	buildings_max_level_factor=1.000
        manpower=1
        state_category = town
}
