state={
	id=48
	name="STATE_48"
	provinces={
		35 83 116 161 166 171 174 185 201 204 236 287 311 359 361 378 434 441 467 468 478 481 497 539 568 578 683 712 722 731 792 795 797 801 851 888 934 1001 1014 1034 1048 1082 1157 1159 1171 1175 1200 1204 1214 1219 1220 1244 1270 1274 1283 1294 1305 1308 1344 1384 1411 1431 1471 1476 1509 1533 1537 1552 1564 1570 1672 1695 1750 1770 1797 1819 1910 1967 1977 1986 2040 2061 2062 2073 2144 2156 2160 2168 2169 2171 2176 2188 2194 2201 
	}
	buildings_max_level_factor=1.000
        manpower=1
        state_category = town
}
