state={
	id=57
	name="STATE_57"
	provinces={
		15 23 79 112 139 162 181 182 213 273 386 388 393 405 406 492 516 530 541 545 600 638 651 690 741 775 811 816 839 842 910 928 1009 1039 1041 1066 1075 1132 1140 1141 1213 1236 1237 1247 1273 1279 1331 1352 1362 1389 1398 1421 1480 1524 1669 1719 1760 1822 1855 1877 1898 1899 1958 1965 1972 1979 1981 2013 2197 2199 2204 2207 2210 2215 2220 2229 2241 2242 2252 2254 
	}
	buildings_max_level_factor=1.000
        manpower=1
        state_category = town
}
